34
16
26
45
22
29
50
34
45
23
1
47
32
37
24
22
26
55
29
0
15
8
10
33
29
21
9
38
24
3
41
42
45
39
26
40
34
33
31
58
36
36
33
37
26
36
31
35
42
40
35
11
29
43
28
32
23
22
16
28
0
25
24
28
18
23
29
26
25
32
26
31
35
31
36
33
33
44
50
32
46
30
29
27
34
27
0
22
16
35
26
36
33
0
29
23
37
23
38
40
16
0
25
44
37
43
39
29
33
38
39
26
21
36
43
41
40
30
30
8
16
31
18
32
33
36
24
24
31
37
49
30
46
35
16
11
45
8
19
40
30
31
50
31
40
33
16
12
20
28
22
17
39
32
38
37
25
30
29
38
29
38
34
24
23
28
33
41
24
43
30
19
14
23
17
5
34
37
35
45
30
33
24
48
25
1
21
22
33
33
27
24
22
26
18
39
22
36
24
37
21
30
26
28
39
46
36
33
24
44
29
20
42
25
24
0
0
22
26
33
30
41
29
57
30
36
34
24
20
24
20
20
31
16
0
22
30
17
18
29
0
22
27
38
24
36
17
24
0
12
16
40
30
35
0
34
23
37
37
40
30
4
36
30
32
32
12
30
35
33
20
28
37
33
11
17
21
26
19
50
15
29
40
44
1
20
30
5
31
30
33
20
32
25
37
31
31
25
42
24
0
31
28
34
17
21
29
14
25
29
37
27
24
57
55
14
13
41
42
37
33
28
17
26
17
3
25
24
30
23
0
25
21
30
51
33
31
29
29
29
22
38
29
41
31
26
37
25
35
41
29
16
16
18
34
33
20
49
30
31
31
35
26
33
21
20
30
36
34
43
0
23
0
36
27
27
27
34
28
31
30
29
31
36
0
33
36
37
41
25
27
27
40
16
37
29
19
24
1
28
37
12
36
20
24
29
19
27
18
27
36
18
32
22
26
29
0
33
28
32
27
32
24
13
30
23
15
26
31
13
37
34
31
48
39
22
21
30
15
4
16
26
32
24
30
27
23
37
23
24
45
23
28
42
25
48
31
34
18
8
43
17
19
32
25
22
33
32
31
52
23
43
18
0
40
28
27
18
15
24
39
20
32
25
19
26
11
10
22
26
32
22
29
26
26
30
38
56
34
34
11
44
35
35
21
20
22
16
38
38
30
32
32
30
21
0
26
30
32
29
32
28
31
31
36
35
42
29
17
43
22
0
26
35
27
34
38
41
33
0
19
35
17
28
12
48
8
20
38
28
0
23
30
41
25
16
36
34
43
27
19
22
32
21
29
31
0
31
26
25
29
28
33
31
6
35
37
17
47
37
39
31
39
0
25
41
48
18
20
19
32
9
32
24
1
25
8
32
20
42
30
33
29
6
30
29
36
38
37
18
28
35
41
21
14
37
17
22
30
35
33
43
43
22
10
40
22
27
36
3
35
37
32
33
12
34
33
38
48
