pvalue
0.762513600374285
0.390413201779155
0.995323490381543
0.369659993446987
0.97779626318922
0.592501900835573
0.000452806897684125
0.000193563523201617
0.5
0.262609255679944
0.999215888411392
0.0691511262892045
0.997446096918464
0.584766892071034
0.999999244294318
0.517399835803828
0.131858692432255
0.999982403966921
0.0732637431044032
0.189674457011964
0.70031629893358
1.93751856446727e-11
0.480661687042883
0.374263660917635
0.370197027505669
0.00291163274145472
0.995995852816952
0.412253028464673
0.832269934846413
0.611719933349549
3.14174795805743e-10
0.502998181909315
0.012470241171241
0.689710865143131
0.215822485273285
0.443542136419433
0.530094664899337
0.922616544478869
5.73228454300726e-22
0.0653191856441745
0.348811112393793
0.179868600920474
0.0141656943542061
0.671316677709078
0.340028576889605
0.388913637700041
0.000330034475381661
0.0992336750404347
0.999999986558145
0.246683477355294
0.0636944637702921
0.974511053933545
0.329167311027914
0.433298942080497
0.288826222677939
0.756797124525561
0.301342804077118
0.741381618603902
0.969437341831368
0.032051854234456
0.369888836192859
0.704640428559379
0.361687880393874
0.853680203226581
0.57744784590511
0.182634962374877
0.278383124486591
0.962515022034046
0.935103196383522
0.244273598999866
0.00000292798209273061
0.944265600024318
0.0821666538960424
0.0000549373257196716
0.201953608375123
0.5
0.360348762040836
0.00344837014222307
0.0175103032796985
0.193162892236284
0.372714500916706
0.474724464549413
0.941042352530013
0.268574223404962
0.764609327189893
0.940914214972651
0.499832120909744
0.794042474081953
0.101190019053866
0.999474988951226
0.837852144602241
0.364102747281416
0.446339733750324
0.0611220045336036
0.1707116872714
0.90776367380035
0.140363737266939
0.5
0.58584160950706
0.501643460210924
0.908089665969376
0.332976582441955
3.05610908751251e-29
0.592881799606734
0.727742365821326
0.943986675128765
0.373213876930673
0.0107574377266558
0.279640751701467
0.00328693692549893
0.422319240793069
0.24170809133064
0.394230944221824
0.989550374824889
0.093875338133764
0.33964139292958
0.607189968802052
0.447858036228589
0.498859884287708
0.396960880680259
0.796710878858704
0.500069992151368
0.809082987181304
0.811213874446699
0.242771171040424
0.136296873360853
0.352875786224432
0.00530280644398007
0.500000000000001
0.0320719117770499
0.779018154012144
0.49874585756137
0.229765295418908
0.260689733012073
0.382513195680093
0.277183989683734
0.0374193971258559
0.577312092438691
0.175360424859905
0.00212951892445378
0.461097556504069
0.798989921707812
0.524329615097707
0.378303550632674
0.529004588757909
0.305767586174156
0.0130832055987741
0.487951024751141
0.602699867685871
0.000975907630190334
0.379021186221824
0.173272272117302
0.194875481930874
3.44744765689586e-48
0.0288473984574191
0.925130274173575
0.183345968016169
0.767356568540932
0.208729975197105
0.931760655137307
0.794833758616595
0.597979283020433
0.000256687590166902
0.966296937097312
0.0925671212881519
0.999448352385934
0.623818069442897
0.253436808812657
0.0341525696673753
0.670711673368394
0.999999976382024
0.00822484485766201
0.500000000000002
0.29080391000845
0.983449779266546
0.817249685915423
0.65753417614652
0.622487371663012
0.971071647752826
0.471133899933507
0.412164944691576
0.00000388333405069561
0.689968287339812
0.612421738545038
0.00000728954294871991
0.578540171668211
0.52023918115694
0.275581204624583
0.00254226828360372
0.853157191133625
0.0856522309252322
0.00618842117340223
0.301757846544649
0.478710577708391
0.803268532301661
0.323876534885324
0.228235123939514
0.736276625888391
0.831085641797746
0.0459212261656993
0.403729485222734
0.479726946189158
0.0659587655822066
0.223300744691679
0.771618148484263
0.999345500796844
0.550092505656171
0.8761195980526
